xxii 44444 ’

1114444441, 47 8444444441, 44 84 4,14 8444444444
1114444444 44 44 8444411444. 4,4 84444 1,44 fliium.
1144144414, 444 84444144, 44 8444411414 8444 44, 4, 44. 444.
11444444, 444 8441441444, 44 84414144444, 44 4444. 4, 4,44,
11441444, 44 8414 4444114444 44,8441444441, 44 ’ 444
niden· 444, 44. 4, 44 8444444444 844 pue.
444 84114444 411, 44. 4, 844444 4, 444 8444441444
mg 44441, 77 144 8444144 4, 444 814444 4, 444 ’
1144 844144441, 444 84444 414144 84444 8444444444) 4
8444444141, 4 8444444, 444 8444444444 444444 4, 844444 444, w
Muci, 144 841144444, 144. 44, 44 84414444, 44
8144141, 111 44 84444444, 41 8144444417
mtuvi 44 8411441441, 44 8444444444, 74 814444ιί4444, 44. 44,
nim& 4, 474 8414444144, 44 844444, 444 7
Robustiv,5 8444444444, 44 844414144441144114· 8411441441ζῦ 1
11444444,174 8444444441, 44 144444, 444 8444 4, 44
Rodunt 144 44. 844444 44 44 844444ίί4, 41 814444444ὶί, 47 ¹
Rogant 44 44 844444444414, 74 8444441444, 74 844444) 4444, 74
4444444441, 44 8444444· 4, 44. 4484444444, 44 84444414 ,44,1. 44, ·
nug itm, ’444 444 secar-sisi, 44. 44, 44 Ι
noma 14 8441“· 441, 144 44, 44 8444414444 41, 74
84444444 Sannum 84444444 8444444444, 47. 4,
Romulei, 47 8444441, 44 sedan, 47 444
8444414444 4, 44 8444444, 44 8441444444 44 44 84444, 444 1
¹ 844411, 44 84444 444 144 8444444441, 4 84444, 47 ¹
41444444, 44. 4,74 8444441444, 444 8444444444,144 81444444, 47
11444114444,447 84444441, 44 8444444444 8444, 4444114, 444,
4144444, 1414 8441444, 447 8444414, 44. 4, 447 m
84441444, 44 844444 44 44 84441444444444 8444444474
8444444444, 44 8444444· 444, 44. naemu· 44, 44. 48144444, 444 ¹
Rubrumquev‚ 444 444 44 8441444, 44. 4,4,
nudem 441, 4 84414441, 44 84444414 4, 444 44 4444444, 74,
8441144, 1114 84414 411, 74 84441, 444 74
1444444 44 74 844144, 144 8444444411, 44 8444444, 44
14444444444,44 8444444444, 44 84444 4, 44, 47481414444111, 44. 4,
1444444444, 44 8444444 loquendi 44,4 444
144444, 144 444 84444111, 44. 41, 1481441, 47. 444444
84444444 v, 444 84414 111, 47, 74 84444441, 44 8444444144 4, 47
ι Rumpe 44441,47.,4 844444, 44. 41, 7484444444 8444414444 ¹
44ιη 8444411, 44 8444141444 84144444. 4, 44 ¹
1144444444 14 44 Saturniaque 14 44 8444444447 841444, 444
8444144144 summumque 4,4484414144,44 84444414, 44
1144 4441, 47 844444441, 74 8444444444 Solen 4, 47, 444.
14444441, 44. 4, 444 8444414, 444 8444444444, 447 44 ,44,74
Rure 414 44 844441, 47 84444414 444 44. 4 841444 44
4444444411, 44 8444444444, 74 44144 8444444444, 44
nanim 8444144414, 44 8444414444 8414444, 44
84414444444, 44 smmi, 44 Solito· 1,74
. 8441444441144 84414, 44 8414444 411,68 74
8 841444, 47 8444414, 44. 4, 44 841444·“·
·84411441· 4, 44. 11, 84414144 44 44 8444414·,47.441,
8444444444441444, 14. 14, 4 84444444 44
144 8444444444, 144 8444444, 447 &animem
844444 414 8414441444ῐὶ4, 447 8444441444,447 8444444, 44
844444, 444 844441,47.14,47.844411,44.14,44.844141,144. 41444
8444441444, 444 414, 414 4, 71 8444444414. 4,
84444447 84141, 44,44 4484414444444144, 47 444
84444411, 44 44 8444,4,4,44. 41, 84444444,44
8444144444 8414 4, 44,444 . 44,44 8444444444,4

 

