111 1111111111. 11111

111114 11111111111111111111111 111111 111111111111111,11111.
1111111111,111 111111111111111111- 111111111111 1111111,194

11111111111 1114 1111111 1111111 1111111111 1111111 111111 Tentyra
11119 qut. 1111111111 11111, 91 11,19
prasidio discrimini· norimus 111, Umorem-m, 11111111, 111111
11 1111111 1111111111 11,91 111111111111111111,119
Ultio 111 11111111 1111111 11111111 1111111111,1111,11 1111111111·
infirmi, 11 exigui 1111, 191 1111111111 rexerit 11 1111111 1111, 941
doerit 111, 19 primo 111 bno, 1111111 111111 nunnioni 11, 111
111. xiim 1111111111 Proculeius 1111111149
Ultor 11111 111111111111 11111111 Uoconi 11111111 potiori· 1111, 111
perdidit 111 1111111 111 1111111 1111, 1111 11111111· 1, 99
ul 11111111 0111111111111111111111111 Unda prior 11111111111111111111
111, 191 111111111111110111111111 1111111 111, 144 1111111111 nod·
11111111,191 1111111 111110111111) 111,199 1111111 11111111111111111111
1111111111111111 1111119 clauderet iii, 19 111111 nemorib-
11111181111111111111111111111 111111 11111 opio 111, 11
111111 111111111111 11111 111, 199 U 111111 11111111 1111111 1,11
1111111111111111111111111111111111111, 1111 1111111491 111, 19 1111111111.
119 (111111111119 (1111111111- 11111-1111111111111111111 1111111911.
1111111111 (1111111199 1111111111 11111111111111111111111111111 11,
errorem viii, 194 inquirerit 1111 111 11111111 11111 1111111 111, 119
1111111 viii, 199 porgere 11111111, heo 11111111 11, 199 111111 111111·
114 ’1111111111111111111 1111111111, 111 111, 199 11111111111111111, 199
191 .1111111111111111,111 molem 111111111111111111111-11111111111,
’1111119111 ,1.1. miringat} mx:
11111911 ¹ 191 11911111111 1111111111, rm
11111111 roonis AEiilir 1, 191 11, 9
11111111 Ρ111111111111111(11.1111- Undique 111111 111, 141 neptun·
11111111111)11,111 11111111 11111111 1, 91 11111 111111·
11111111 111111 111111 prr 111111 ornent 11111 11, 19 111 1111111111·
Ρ1111111111111,91 norror 1111111111, 11111111,111
111 1111111111111111111111111111· 11111111111111 1111111111,11111
1111111 rom narraret Alcinoo 1111111,11111111,1111111 11. 11, 19
1111111111-111111111111111111111 1111111911111111111 1111111 111111
11,.14111. 111111 1111111 curor 11111111111111,911
”ffifffflfriffi 1111, roffliuffirffiffffl'qffnoefeffi‘,
1111111111111111111111111141 11111111, 11111111 111111111,41 111·
Umbro 11111 (1111111 hino ari 11111 11111111 11111111111111111111111, 111-
mit, 1111111111 1111111111,117 ln 11111 noverit 111, 111 1111111111
quma 1111111111111111111,9 11 1111111111111111111111111111111101·
111111111111111111111111111, 191 inno 1111, 119 corvio 11111111 1111
1111111111 111111111111111111111 111, aira 1111111111 1 111111111111111
199 conmuni clauderet dominor 1111, 119
11111111114 11111111111111111111- 1111111111111111 111111 1111111111
91111111111111111111111,9 111111· 11, 191 1111111111111111111111111
1’9111111111111111111111111111111111,111 111, 111 1111111111111111,119 11111
umbram 1111111111111111111111 1,11 11 corium 11111111 discriminis 111·
11111111 11111111111 11111111111111111 11111111 111, 191 1111111111111,
111111 111111111111111111 111111,1ΙΙ 19
111 (io 1111111)11111“1111111 1111111111 1111, Ungula 111111 111111 111, 191
99 111111111111111111111111, 01111111 deor 11 1111111111111
⁹ 11111111111111111111 11111111Ρ11- 11111111111111,94 1111111111
1911111111111ιὶ Trojr 1,119 11111111 1111 nobilitor 1111111111 viii, 19 ’ oo·
1111111111 1111111,]11,1111111111111111 111111111111111111 vito 1111 virtuto·
911111111191 1111111,194
911111111111111111111, 11111111 Unquam ¹nur 1111111111 ii.

 

