111 · 110011

11111111111.10 nisce 11111. 1,01Ι101)111111,11 ’11111111
0111111111 mmo 1, ιιι 111111 v, 111 Eue 111111, 1
1101111111, 10 111111111111,11 [1010111111111 11, 110. 1111 ’
Despuu 11,11 1111110111111,11 Meque 1141
111110111τείἱί,1 111111011011,11 Bt 1, ummo,
1101111111111,10 111111111100 E 11, 01οι1.
111101111ἱί100. 11, 1111101111,11 1111011118

01 1111111011 11, 11 11111, 10. 111, 101. Ε11011,41. 11, Ι. 1
11110011 111, 04 1111111111111,11 1,110 1,111

1111011111 1111 111100111011,41 11111111, 111 1110.11,ᾱ1.
1101111111, 111 1111101111 1,11ι 1311111111 Etenim 1114111,
111111 111, 11. 1101 111110111111,04 11111111 100 10. 1, 41
Dexter iii, 41 111101111111,10 11011111 1110111110 Etim 1111, 10
nutum 111101 1111111111νί,11 111111100. 111101114111111.
1101111011, 11. 11111111111111114 11.1,01 1,101

11.1,114 1111011110 1111101101 1111011101
11111111 Dividit 1, 40 1111111111114 Evinndunque 11,
11111111. 11,1. 11, Divis 114 1011111,10 11

01 111111111111.111,11111110111101 1110011111111111
Diem 110. 11, 18 Dixerit 1, 111, 110 Egerit 1,01 Ex i, 44, w. 1111
111111111. 1, 11, 1111111, 01 Egit v, 111 11101. 111111,

111, 111 1101114 113014111111, 11

Dicat iii, 41, 11. 11011111111 10. 111,10,11.11,Ε11101111,0.1,141

11, 40 1100111180 10. 1, 10, 1141110110 11 qnid
Dioendaque 0111111101101101111 11, 11,(11· Mammam ¹

111 Doctus v, 10 Egregie 1140 1111111111 1, 101
Dicere 1, 1, 44, 08, [1011110. 0 Egregios 11, 0 11111ιηί1111, 111

111. 11140. 111 11010111 v, 101 1111111011 11, 40 111111101111
1111111 1, 11 1101011 p. 11 Eheu 1, 111 Excute 1,40. 1111

” 111111Ἱ11111,111 1101111111,100 1111111111 11110111ιί114

Dicit
11101101, 11. 11, 00 Dominum 1,110 1111ςὶ011 111 Excutit 111, 101
1111111100 1101111111,11 1111111110 11111011111141
1111111111 111 Domo 11101 11111011 1, 11 1111εωί11111
1111111110 Domum 111 1111111111ρο Exere 1, 110
111111101011 1, 14 1101111111 11, 10 11111111 prece 111 1111111110 11101
1110111111 1, 14 Dona 11, 01 1111111 11, 10 Exulet 1,140
Didicit i, 01 11011111,11 Emeruit v, 14 11111οω1114
1111101111 11 1101111114 1110110110 11κί0111115
1111111111 11110 1101111101 1111111110 11ιὶ1111101
Diem 111. 11111. Donata 1, 11 En 1, 10. 111, 1. 1, Exin v, 110

1, 01 110111ιί170 104 Exit 1, 41, 40. 1,
1111111110. 1, 4111011110τί1 11,10 8111111111 1,11 18

00, 110 Donec 11, 10 Enim 1, 41, 01. 1, 11100111 11, 44
1111110 1, 18. 11, 11. 1111111111 v, 40 01 1110111111 11, 11

1, 111 1111110114 Enni 1110 11100111 11, 10
Digitum, 110 Ducere 11, 01. 1, Ensis 11140 1110101111 px
1111110141 81 11011111 111, 08. 1, 41 Expers 11, 11
1111001110 1, 14, 111111 v, 40 1111101011110. 1, 111ρί111114

101 1111111111,11.1111 10. 1, 41 Ε10οπ011111101
1111 1101. 11, 11. 011111,10 1111111140. 1,01 Expungm mil·
1111111113 11111111 1113111 '¹²²⁰ 11111 ’ἕο

1 1

1111111111 1111111111 1111311 &sapam 1110
11110111111 11, 10 Dum 111, 4. 11,11. 13111141. 1,00 Extat iv, 11. vim
11111111,10.11,1 1,10,01,100 1111011111 1111011111111141
1111111111,οθ 111011 Ermum Extetw
nirigis 111, 00 Duorum v, 40 Es 1, 4111. 111, 11, 11111111ῐί10, 141
111ιὶ11111104 1111011111 11.11,11,01.1,01 1111111111, m

1100 Ι10111111011,100 11111ςὶ11 111, 11 Excutiendt 1,11

 

