44 4444141111. 411411

11 1144144 iii, 919 44414111· xiii, 1194111141114111444414141444444-
{fef-2⁴ 144111 2⁶¹3 ⁰¹ '‘mm'' ’1111111114 44 .
‚ .
9444111441 441 111 11141441411, Β44411141444141414411,99 4444441
14 144441444411114141141111114 144114,14414441444414411,49 “
119 14411144414114414114444411. 1141441111441441411,449
1144141ἰί, 9144. 44114144144414414144444414444-
9444114444,44444411144,144141444 1414 4141441 xiii, 94 44.
1119144. 11411441114441444411,994 11141
114444-144114141141 4414114 ix, 41 11411411 11117 441114144441441414·
44 pulpiti exodium iii, 174 114411 41414 111114 14441 Paridemque 41,
11419 1441 4114 44114414 111, 74 47 441444141141114114,411411114444
quii· rediit 1, 179, 194 144441141 1111, 94 41144 (3444144 xiv, 914
1414144111114 14444144414441444 44111411 gladiumque 1111199 1411414 ’
441 11144 xiv, 174 conjuge 1, 74 44144444 iii, 49 44·
1144141414144414141141114411414 1441114 x, 179 1444 111, 97 11442
144 04144111119 411, 99
1144111114 amici, 444441141144444 4441441144 (14144 11, 194 relietum
144144, 41 pro 4114114414 pono 111, 4411141 4144144 411 promittente 411
14,94 19 1411414 4444144 141 14 41449
114411111414141441 14141 41444414 441444411491 144144411149 14·
441111414144 11, 949 11414411411444 11177 444114 1441141
114441411 44411444 411 411114414 xiv, 199 ·
11149 11411414444441114411414 114, 94
11414114114,1444444141 144 1144 44114114 Virronibus 1149 4414141414
4114, 4144114 14144414 1411441 portici· 11411141 1, 914
41411, 4 144 minimo 1444 414411· 1141444441 11411441 4114414 41411,
41441199 444 14411411, 4444 1114 11 1144141444. 11411441444411444111,
1444441 41, 447 41414144 441444 4191114. 11114444441114141141,79
4444444144111411 ,144 4111444411 11444144 4141 41141 44414411441141-

4444441 viii, 199 41111141414114 14144 14, 49 41141 4141144444114

1444411911 4114,
414114 44 141 1, 144 4141, 4414 4414 414411444 Elpenor· 14, 99

444441 44141 11, 91 1414411144141414 114111 11444 1, 79

44414144411414 11, 44 4414111141· 114444141144441411 1141111414

441114 14114441 411411 11, 149 4441141444 cum mni·

1Σ41ἓ14ιι4ῃ1011111144444114 4111144 14· 114441444144411441411,94
141444 4114, 444114414441441. 1, 44 114441414444441444411414141414111,
1414144144 14144144 14, 94 1414141 44 1411414 4144411 14441419 14-
441444411414 i, 114 141411444411- 114114144141111444441111,114

144 ipsius 41414, 11 441. xvi, 44 11444141444114 4414144414 11111

141411414411, 174 14- 14414 11, 194

14141441 1441144144 4114444414 1, 44 1141144414 4411444 414441949
11411414 4414141149 multicia 11414 1144114 41111444 1197
11, 194 referri 14 4414 cupient ii, 194 11444414 14114 1111 turpissimus 11,
14141144141141114141141441,444 49 11114141 1144 119
114141 141 Aquino 14 properantem 1144444411 444414 1441411441 14·
111, 919 1114 44441 111919
Regia 14144 14114141 114 nepem [141414 in purte prodam
[14414144 441444 14444 1414144141 11, 141
111 44 Repeto 1141141141 441. 1199 14·
1144114 (4441414) 1114411 444411 petit 44411414 441411 14411 41914 41·
44444414111 1411141111414 41449 1144411414
114414 4144 4114 relinquit 11111) 11147 114441411444111,919 rep·-
11194 4444141414114444141, 991 14144144114441141114114 14, 79 14·
44414114444 4441 14441411 4144411 4411114 4144144 44 11114 411414 14·
11149 Ρ414144 444 44441411441144 441114 4441444 4441411 4114141144 411,
111914 144
1144441 441 Protogenes 111, 119 Reponi 11411444 44 pium iii, 1911
1114141149 . 14414414 prim 11, 447 4444141444

 

