lxxiv 1110011 11111111

1111101 11011111 (011111) 111, 001 001 1111101011111111
1110110110,10011010011010001 Nc· 1111111000 111111· 1111000101, 011·
10111 propinquo 1111, 11 1111101 (1111· turiurum 1111010111 111,οδ 010110
111)1001000,0010100111110111111111· grammaticus 01111111, 0011 111101
11111111, 00 10110111001111100011, gremio 10111 111, 010 Polycleti
00 00010111 111, 00 011001 premit 00110100101111111,104 0100010001
1000001111 01110100 111, 100 11 01011011 1111, 00 11001111101111001
1101 011 fucinum 100-01111111, 01001111,100 11001110101011011111
quud 10101111110111111, 101 10. ip· 0110011110000110 metius 111001 1111
1101 Consulis 11110111 001111001110· 111,101 1100110011010 reddit 101
1111111· 11111 1131111111 1111
, .
0111000110, qum 10111 0111111111· 01111111 01111 111100 1100111 00101-
001100111111100 100011101110101 11010111, 10 longus 1111101010 11
1111111 101110 iuviti quoquc 1111111101 sumu piget 111, 100 omnes 00111111
111010]00101111111,101 00111101 10111101 furtum urgente 11, 000 qucu-
(01111111111),111111111, 101 10111 11111111100111111001110, 000 11·
101101010011101001101101111011111 101 1110111 11, 001 1100100 00111
0110011 011 nitidi 01110011 111101 111, emolumenta 111 11101 111, 00
100 0110011111 0110100111 01111011 11100111 10 muci 01011(()11110)1111,
1111000111 111001οἰ1 ’11110 xiv, 01 000 11001100100110111111111 11,
01111101 111111 xiv, 000 ι1111100111 040
0111110101 1001 1011101; pulchrior Lubuu 111111 11111111 0011 tecum
11111100, utque 1101011ος 0011001011 1001011111,οΜ 0011 11111,οῚ mu·
100011101 ino: 1101 11000 110111 x, 1111 0101 1111101111 (0101110101 fu·
10010. 1111) 11,·100 longemanum, 1. 10001
1011011 00111011 111 111001111, 111111 10101001 11, 000 0111101 11·
100 Ι110111110111, 000 0001111010010101111111111111, 000
10110101 1110100111 01001111, 100 unu 010111, Jupiter, cum 01111111
10101000101111111111,111 qunque 101110 01001111 vul 1011001101 111
cudit maguum 111, 111 - 110101 xiii, 111
Juvenum 1111011 11, 100 01011111 1011101 1100
111111 11100101101111011,001Ιδ Llsffiuffi 13:5th ὦ 00ί mmm
ζ ’ 11
· 0101111111Ὶο y
K ' 01110110111100100110101111001
¹ ’111 11, 010 11101 11 101111 111, 118
1111111011, 1. 01110011 - 11111011 jum ponente 1110000 (3101·
1111101100,1.01110100 - 11011010 Tyria· 1110111111011111110
11111111, 1. 10111 ist? pingucu 11100100011110101110
. 0100101011 10011, 0011 crucique cu·
10111, 11 1111101110111111110111 pce·
1. 1100111111 11, 0110. 11111011 licet
011111011,007
babellum 10001111010110,101011· Lucerum 101110101010111,111
0111100111 1ἰ 100 111100111ομ0 Luccmutae umicm 1, 00 ·
11111101011111 1111111111111111.
11000101101111111110 111,οὄ 11011· 111,100 Ι111111111101111111,400
1111011100111110010111,100 011010 111111110οἰ01 1111 0001111001 fc
11101011 11, 010 11111 111, 001 1111111 1011011 001
11101111 0101 01011100 ’0 1101011 0111111011 001101 001111 1100011 111,
10 010111 11, 10 110111 11011111 10
0001110111,οθ 101111111011111101001111, 111 ,
01011011011010 011111 1111111111,11 lacerti 1110 ’01111 conchem 1111·
,11111 111, 00 11010110 11011, 000 101111.1111111 xiv, 101 0011111111
1101011001 001111 11111101 111, 101 domiuum fecium iii, 001 ,
110100 010110111 111, 100 011111011110 requiem upcrure ¹¹2
1100101001111111110011111111, 100 11111111 1001111011 1000111

 

