numum. XV

11111 11, 18. 1171 1811111189 1811111118 11, 18 0818111111 1, 118
&xtra 1, 7, 111 Festum 1, 178 Fortunamque i, 18 08111188 11, 11
ζ11118111ι111111181,18 Fiat 11, 88 181181 1, 188 08181111, 19
1111111188111 11,1811 Fibra i, 17. 11, 18. 1111811111 0811111187
Exultat 1, 88 1, 88 11181111 1, 18 013111 11188
1111111 11, 88. 11118 Frangam 1, 188 0118111111 111, 87
118111811, 88 Frange 11, 18 011118 1, 118
F 1188181111 1111118181 1, 88 (1118811119
1188111 111, 88, 71. Fratres 11, 88 Gracc 1, 78
Fabula 1,1, 188 1, 188 11838111 1, 118. 1, 0118881 11,181
1888111118, v, 1111811111 v, 18 18 (111181111118
188 11881118 1181111118 018181 11, 18
118818 1, 117 11811 111 118181 11, 1 011111 1, 88
1111881,11.1,11111818111,111 1113811111188 01111111111811,
1881811188 11811, 188 1818181811188 88
18811111 1, 18 1181, 1, 88 Frigidus 1118 011181 1, 11. 1, 7
11811111, 117. 11, 1111111111 11811181, 118 Grandes 1, 88. 11,
18 111881818188 Frontem (pro pu· 181188
11811 11, 88. 1, 78 11311 11, 88 dore) 11, 11. 1, 0111181 111, 88
1888111118 1111181171 181 011181111118. 11,
1111188 1138111188 1111111111, 88. 1, 88
1818188111 1111 11118111, 88 71 01118 1, 11
1111818117 11111 11, 11 11118181 0111811188
1811181111, 88 11181181 1111 Pueris v, 118 011111111, 88
1111111118 1111811181 Fuge 1188 οηςὶδιι11,18 .
mma mmmffloeQNJQmfflfflmm
111 111, 88. 1, 71 1111 8881111181 181118 189 01113118 11, 18
1811118 111, 118 11111181, 181 111111 1, 78 0811118111 1, 188
11111181, 118 11111811188 1111181118 08118111,81.111,11
1111111118 1, 77 11111 11, 70 18111811 1, 78 081181 117
1111111 11, 81 11111111 11,118 111881181178 (181181811188. 1,8
18118 11, 78 Fistula 111, 11 Fumo 1188
1111181. 111,89.1111,117. 1118 1111188111 ·
v, 88. 11, 88 11111 1, 87 Funde 1181 Η
111188 1171 Fixum 1, 111 1888111188 1, 118
1111 1,19 Flaccus 1,]18 11118111 11, 11 1118111111
1811881111118 1111181111 11, 19 Funus ii, 18 Habet 1, 88, 111.
1111811111 111, 89 flagello 11181 111 1, 88 111, 78. 1, 178
1111111 1, 89 Flammis 1117 Habita 11188
11111 1118 11811118 1181 111811, 81. 1, 78
188111111178 11811111 111, 88 0 1118818, 11188,
1881118117 118181181,178 188, 188. 11, 8,,
181111, 17 Pluere 1, 81 01111 1,188 1181, 88, 88, 78.
18881111 1, 188 Flumine 11, 18 08111111 1, 98 11, 1, 18, 811. v,-
181811111111,1 1188111188 Gaudere 1118. 11, 1811111118,
1811111 11, 81 188811, 1 88 181181, 188. 11,
18181 111, 88 188111, 78 Gausapa 1118 11
1818811118 181 1818818118 0111111811,17 11818111181
181181111, 18 1181118818 11, 18 0811111111,18 1111181, 1111. 11, 18

1811111111 1888 1, 78 08811181 111, 11 118181111811, .

1811 animus iv, 7 11118111 11, 87 0811111181 1, 18. 11, 81, 11, 88
181181118 11818111 11, 18 18 11111111 111, 88
Fervent i, 188 18118111 0811881111111181111181,181 .
1811811119 Fonte p. l Generis 11, 88 11888118. 111, 18,
18118111 111, 17 1818188 11, 18 0811818111 11, 71 81111. 11, 19.
1811811111 11, 87 18181111, 187 Generum 1187 1, 171. 11, 88
1811181811 111, 118 181811 188 Genio 11, 8. 11, 17. 11888118 118
&mmm 8818η8 ω8188881111
1811111171 · 1181111118 0811811177 1881111 ¹

 

