11 1111811111. mia

1.·888181111,78 1811818 1111118,81188118881881.1,818118
ome-cha 111188 81811111181111· punctum 881 v, 81 1188111111118
111811181111,188 8118111118881. 1, 111111,117 18 818 18118111 11111111,
18 11111111811118181111181811111811- 181 81881111111118818 1118111111
181111 111, 11 1181111111 1181111111, 111111811,111 8881»11881818,1188
81 111 omnum& 88811 x. 188 ὶ111ὤ11111111,187 1188111111, 181 ui
3332?ssAE ,11181ᾞίὲὲῗέ 1111111111111111
guum 8181111111 11, 11 818811111- 11, 81 111188818811111111111881111,
nulio 11111111 peonio 111, 78 quere· 171 11188811881.111,11
but, que numinis 81811 11811 1111, 181 ι1118188111188111 111181 nou 88888811·
11811111 uomina morborum 1,118 1118111811111111111811111,111 8111
eoujngnom xmo 188181118881818 111111,188 818188181881881.1111,
1111118, 81 dubitet 11, 88 um! 118
18118ρ81811111111.181188811111,111 · 0111111118 1188118 voluutas 11, 188
’118811 1111111111 {21:¹54 111111111111113111
111, 181 81118181111111 111 magno 181
1111111 1111, 171 11 Archigenen} Quantulacumque 1888 8818881818
111181 quarendi 888111 8111 11, 1111, 181
181 queritur 1111 11811148 111818· contami· Eoguuou 118111811ὲ18
1111 et 88111111 homines 11,111 quusi· 1111, 18
1881111111 Η11111,181 quesitum 11111118, 1181111818,88188881111118
181181811111181181111 1111, 11 18 1,118 181181811,818 1188111117
fontem 88188 88818818 vetuo· 111, quantu 888881 poplitibus 11, m
188 8111111181118111118111111111. 11811118111881181811,88 818181
111111188111811,88 11, 18 1111111111 8111818111 uum·
08888,818111111111,111 11111111, 118111118111111118111111111111111181
188 8111881111, 118 111 redolent 818
0111118111111111181881111111111111, sonoro 11, 188 111,811811118111,188
111 ubi 11111118 111, 188 1111818181111111, 181 8181111 88·
Quolibet 81 18118118881118111 1811 111, 178 18181118 88181811 111,
881111,111 118 1111818888881111111,818 111
8181118111181118111,18 11811811, 1181111111 1888111 11111 utque 1111188
81188811 eruut 11, 81 8818 11111811 111, 118 1111181181111118111,18
’188 18181, 8181111811111111118111 8811188881881111,181181,811
1, 117 1881111,111,188 1111111111 1181111181
11811181 1811188 11811181 11, 81 (181111111811181111118 8111, 11
88881881111118811181181,1118881111 1181111111111188111181ι ο
18111891198 13:³³ zeffqffuelreeuflesouzugtuggr oa 111ξὶ1ῗ88ἳ111ξῖ88181ἲ818 offilo? 1888 316,
ι11188 1181818181111,188
Qualemcnmqoe 18111111 potest 1, (1181111811811811111111118 ngr'u 11,
⁸⁰ 1111118111118 11188 18111111 11, 87
⁸⁴⁷ unguento 11, 18 0111118 8188 81118118181111818
Quum 811111 m 18 [1111118188 8818811181 18811111, 17
81111111,111 quomo 81118881. 0118118118111111111.118 11181881
¹2⁸¹ 81881188188111118 8111111,111
¹'Quumqoum 11181111 11,1 putubut 11111181 1118811· 188 quantun
:533³ nutu: 18 Euphratem 1, Ξὲἰιῖιῗέἕξᾳὲῗυιιηῦο 1811111
111111 81 o 1,
Quando ube’rior 11811111 cepio? 01111818ἓ1811 111, 111
1888881111811111111111111111111111, 011811811111811 1118 qou-
⁸7 11111111 18181111 1111111118 urbe 1181118 1111118 flagellum xiii, 19⁶ quu-
8881 —- proponimus 111118118,1Ι11881. 11118 11811111, 171
’1181181111181·“181 8018088118811181·
,, 1111811, 881 88 1, ,

ΠΙ1178 uiolatorum 881818118- 88 mettioeo 1, 17 81111

 

