m· vmonuu. XV
Em 0110101111 001110 110 1111010 111101011111111101111111111)1,101

’ 111, 101 1111111οι 101110001101 1011111,11

11011101 dirimente 110101 11, 101 0101011100 10010 0100101100111,
0010· 0111001 11111111 1110110 00110 18
m viii, 100 00111 1101110101· 1111110111 00 00011 111, 110
0010010 111, 111 00110110 010110 1111001 011111101110100011 0010111
0111 0011110181 101 1111110 11, 11,110 011001 excepit 101110101 11,
fffflzz 111.

1. 1 11,

Bene 01001 1, 71 01011111, 117 11110011 11000111011111,11 .
10011111 111, 107 010111111,101 1100011 1. 1111001111, 0001 000 0000
mentum 11101 1,10 Rom 1111101 propter 010010 1, 00

ugni 1111101101011110110110 Boletum 11010100 ponere 1, 117
001. 111,1 benign 10100 011011 Agrippina 11,011 0000110111,0
11111· 1110111 x, 101 11101 Putet pen- 00001010111010010010111, 100
01011110111111· „Rrsszffiitz'sffffimflsssst

Beronices 1. 1101001001 10 digito 1100 1001011011111,111’ 11011101-
111011011011101011011111111,100 1111011, 01 1 1001111111 011101 0010-

11011110 ’0101011111 11011110 1,18 1111 submotis 10101011 11, 81 111. 01 11,

1001101 1111111111,ὴο 1111101101011.

0101110001111 1,10 111100 Priapo 110001 Piso 1, 100 0110 1111101 1111,
1100 0110111111,111 000 01111001 70 0110110011οι 10 10111001111ζ
0010101101111 111, 17 1010001 000· 101 1011011100011001110101-0111
111011 cuticula 10101101, 101 111011 111001110101011111011101,110 00111
101101 0010111 10011001οΚΜο dun 1111010100111111 011 10110010,1001
bibims-obrepit 10000101 11, 118 Thebarum portae, 101 0111111 01111
010001110101001810101111, 117 01· 11111 1111, 10 bonorum regum ultimus
00101111111101111110101100010011001 1111100 00001011011011001110111
1,11 0101101 0000111 11101 01000· 101011111,111 0000011111000001111
111 00111 1000111 0011110101,10 01· 11101010 11111,180 000111111010011·
bem 11011, 1107 01000011 que voluptas 11110 0001101011111·
10111001 ο1110010111100111, 01 1011111111 000011111, 11 0001111 prae·

nih-12 desiderio Sertorius 11001 10111001 1, 00 1011 01101 dignoscere
11111 0011001111]υο 1111100110100110100,

101000111110101111,1111 1001011 0110111 0000110111. 1011

11111100110110 1, 10 1010010100 Ρο11100 1,117 10011111

111ἰο101 00100000100111111001111, 110101, 111001111010 undum bo·
171 0111011 turpia, dece 101 111-1111100111

0101010011011100011,118 011001 11, 11 0001111010αηί1 1011011010·
010011100111111;1“’“οε111“1.11111;11; ·
11,10 effundere 110111οη0111 v, 010010000171 0101101,111111001ρο1
110 0001111110101110110 1101111115 001011111000101110010 1111010111,101
11110 1001110011 1010001 101 xiii, 111 que 0001011111, 1101110110οε plorante
0110 1000111001 1,11 10111, 100 00010110101111,101

1111000111 110011 1000111010 0111, 01 1011010111 0101100131111001101011010

11101111 103011010111011110 1101· xiv, 111 010110110οο 011 1010111111
111 1011011011 111,101 0010οη10111 1000 get 11111111 11, 110

1111100001 11011010 1101 querit 111010 0101101, quidquid leviusque 11011111 x,
11011 111 1111001101 0101101000110101111,
uffan-endu: 1011111ἔ101 1110111 te· 10 0011111ιᾶ01 Ζιςηοηῗιίρῖἰξὲῑιζξιῖ

1111011111 ,10 11 „st ζ’ἕέωἶῖῃιέἱὶἳῗὲθ 111,.
1011 010101001 111, 111 quingenta 00101000101Ρ1101111,01 01111111
0001110117 reponit Ρο111001 111 110 011110101οἱ0

11111100110111010101101111,111 01101000111101111000 1,111 1110-

bithynien- 1101111111,1 10010100 1101υο11078 0011010000

 

